300.9
453.905
456.275
548.785
477.77
444.17
301.95
362
303.6
325.98
300
383.77
851.41
724.695
677.94
605.995
583.875
300
1068.9
794.13
1063.785
1306.055
759.015
887.405
793.92
653.865
585.015
864.14
910.87
804.91
863.235
706.335
607.06
300
871.465
500.66
620.085
981.15
1413.52
1658.205
2251.765
2311.505
2370.74
1413.365
1448.04
1798.3
2018.105
2533.89
2893
1260.975
1144.345
1819.985
2496.385
1694.85
1740.135
2611.385
1892.18
2671.025
2345.28
956.56
1916.93
3079.65
2779.005
2473.2
2577.42
2337.595
2010.44
2107.03
2207.005
2209.18
2466.38
3289.45
3449.6
2882.42
3637.82
3982.235
3920.17
3460.565
4133.445
1783.895
1221.11
687.54
1015.005
1541.69
3105.79
3586.86
3594.715
2856.805
2443.755
2042.945
1368.875
1833.185
1928.24
2589.39
3243.16
1669.77
642.875
840.88
2036.255
2557.155
2452.12
2276.93
2181.42
2501.365
2150.705
1870.18
1691.91
1505.99
944.895
1110.42
1313.225
851.315
300
2134.765
2503.005
3682.445
4601.765
3337.47
2947.11
4763.15
4800
4800
4768.96
4800
4363.69
4800
4800
4719.435
4750.795
4549.81
2627.83
1152.455
415.655
300
300
1133.795
619.285
828.3
930.815
1172.07
1692.87
956.935
1249.965
300
1009.545
1294.85
2315.335
2905.48
3511.27
2520.86
1879.77
2037.695
1862.055
1398.24
457.63
300
1332.505
935.24
1424.66
1954.125
1684.685
1585.89
1914.445
2304.9
2741.355
1681.23
1913.115
1454.115
741.78
300
477.935
301.65
3401.39
3689.69
3546.415
3595.46
3777.24
3681.92
3764.215
3258.4
3968.09
3764.71
4090.725
3101.07
3365.47
1828.98
2569.285
2349.165
2241.82
3435.53
3083.62
2613.855
3476.27
2778.255
2272.845
2343.48
2541.055
2042.215
958.38
1693.75
1563.155
1390.945
1530.935
1618.56
1385.12
1415.775
1296.04
1413.07
1378.415
1108.21
1400.495
2278.845
2324.17
1546.255
2028.36
2483.535
1497.085
1541.2
1714.65
2466.715
2758.515
2653.315
3602.11
2887.09
2466.3
3048.03
3311.13
3316.355
2641.63
3015.315
3231.75
2787.11
3770.93
2933.825
3290.74
3286.33
3960.465
3817.59
4043.33
4466.95
3954.55
4386.26
4502.695
3873.08