5309.98
5355.49
4795.36
5357.79
5203.01
3367.76
5384.56
5407.79
5411.71
5322.17
5318.22
5349.48
5473.96
5310.49
5265.94
5516.72
5314.57
5326.23
5415.45
5357.25
5341.67
5291.83
5481.75
5256.96
5493.32
5353.38
5220.8
5419.65
5369.33
4696.3
4386.94
4071.85
4442.12
4629.69
4562.42
4723.4
4816.45
5206.08
5330.27
5362.37
5086.62
5562.11
5276.53
5411.75
5333.98
5280.72
5389.28
5419.43
5358.34
5372.89
5419.09
5188.76
5228.12
5656.75
5338.93
5411.87
5269.56
5423.42
5314.81
5344.24
5368.93
5283.94
5622.15
5174.34
5370.12
4749.12
4270.2
4416.63
4352.97
4699.7
3795.34
3767.36
4111.38
3985.31
3812.25
4078.04
3342.85
3884.48
3274.88
3204.84
3982.61
4382.04
4513.99
4373.72
3744.01
5223.47
4010.51
4231.13
3007.9
3033.99
2112.64
2209.64
1500
2171.6
2201.07
1675.1
1716.29
1896.32
1539.43
1890.91
1937.51
2100.6
3522.18
3268.71
2702.81
2991.42
2811.11
2222.05
2585.58
2467.52
2819.22
2364.96
2445.85
2375.76
2364.1
2655.96
2282.42
2375.62
2562.64
2549.88
2679.34
2631.54
2772.73
2668.86
1979.23
1990.92
1862.14
2235.73
2340
2123.45
2096.12
2036.1
2048.83
1932.04
2061.05
2458.42
2527.79
2242.89
2071.6
2235.57
2187.75
2142.22
2224
2282.37
2282.39
2269.91
2445.82
2317.44
2293.99
2013.69
1990.39
2047.83
1920.42
1990.36
2037.68
2107.2
2188.86
1872.94
1932.08
2306.87
2550.97
2984.86
2982.78
3169.87
2705.12
3079.49
3380.08
3580.57
3461.59
3697.61
4897.85
4442.65
3698.32
4617.42
3987.16
4223.44
4062.79
4051.08
3744.22
2994.56
3963.27
3824.42
4061.28
4451.33
4299.79
4594.76
4609.17
4746.27
4801.88
4114.39
4118.25
4176.69
4206.36
4267.53
4395.96
4583.19
4629.41
4960.17
4909.17
3462.66