4047.2
4639.745
4047.61
4054.155
4064.155
3962.445
3459.835
2302.655
1764.92
3775.43
3120.86
3193.115
4714.345
3981.96
3338.735
906.74
395.46
4800
4800
4606.3
4648.74
4049.56
3547.665
4800
4800
3789.18
4800
4800
4853.805
4742.85
4733.07
4754.11
4864.195
4207.79
4892.665
4131.24
1926.36
3264.475
3818.43
3694.63
1438.76
1811.735
2628.88
2574.42
2881.42
2437.535
2692.565
3506.645
3477.845
3172.48
3074.26
3965.735
4254.675
3541.65
3048.99
4150.895
4659.22
3584.26
1309.805
2045.51
2706.36
2852.02
2989.705
4148.99
3432.06
4179.825
3542.07
4060.9
3919.785
3907.83
4807.855
4159.115
4844.74
3955.255
3808.92
4453.55
4620.84
4379.165
4095.595
4800
4276.195
2976.85
1966.05
3868.935
3709.21
4044.28
3773.04
3420.715
3332.265
3287.425
2767.455
1936.015
1741.605
1836.82
1445.145
1581.335
2968.91
2938.13
2208.615
2036.15
2676.695
2150.11
3857.245
3967.07
4642.31
3895.465
3836.81
4686.665
3036.16
2820.295
3510.18
3281.635
4223.925
4562.905
4738.14
4365.09
3558.195
4051
3413.075
3804.39
2938.025
3276.46
3872.89
3896.455
3693.605
4199.385
4109.445
3857.245
3857.245
2931.655
2050.37
3098.72
3646.85
3106.12
4110.25
3286.145
2984.745
2459.52
3600.295
3409.56
3985.605
3689.76
2585.405
1994.775
2614.035
2259.8
2717.86
2638.62
3244.95
3554.68
3670.64
3440.98
3758.51
3907.885
3575.275
2530.35
1061.175
2539.235
3538.045
2771.125
747.19
991.03
852.15
2265.38
2646.15
3393.795
3048.94
4103.47
4277.96
4675.415
4574.81
4645.995
4007.53
1981.275
3406.2
3868.935
3823.435
3344.22
3514.685
3957.245
4262.6
3588.405
4166.32
3459.83
3100.965
2159.905
1744.73
1087.04
1412.555
756.6
2137.065
3131.645
3212.255
3834.835
4757.135
4800
4865.075
4744.54
4679.28
4501
4503.95
4164.435
3627.92
2681.69
1156.315
2043.555
4800
3813.86
2802.315
2510.375
2004.26
1238.435
2360.69
2568.89
2592.335
2438.09
1874.385
1083.225
561.05
1115.715
2031.75
2031.795
2407.36
2887.17
3050.73
2615.34
2318.965
2394.065
2676.695
2489.675
2594.975
2751.195
2402.975
2352.05
1790.075
301.65
300
888.335
2751.03
3366.71
3276.085
3162.77
2571.495
2403.06