2337.72
2465.425
2435.22
2138.32
1899.365
2103.955
2172.01
1975.38
2099.01
2024.095
1926.69
1811.435
2097.605
2228.44
1948.115
1496.14
1948.605
2281.16
1928.625
1415.47
1996.915
2298.07
2362.07
2337.925
2382.08
2544.165
2587.245
3128.86
2863.715
3107.805
3860.94
3342.945
4233.585
3823.215
3798.8
3837.61
3908.815
4378.905
4330.675
4800
4728.93
4420.815
4260.24
3958.66
3962.44
4063.64
4017.435
4223.82
4742.4
4800
4621.995
4800.96
4457.2
4800
4859.52
4800
4800
4114.805
4585.775
4800
4800
4800
4415.31
4800
4620.84
3759.24
2583.995
4131.24
4151
4811.86
4800
4800
4800
4800
4662.185
4800
4800
4868.875
4800
4800
4800
4869.815
4800
3554.69
4849.72
4568.46
4800
4842.92
4800
4492.265
4800
4800
4800
4800
4800
4800
4800
4637.515
3286.705
3260.34
3462.615
3848.03
3978.06
3935.32
4087.37
4285.65
4289.52
4800
4349.02
4642.805
4800
4229.72
4343.905
3834.12
3273.23
3170.535
3120.865
3674.47
3662.92
3762.09
4048.355
4441.68
4800
4800
4800
4833.365
4800
4780.645
1984.9
1848.56
1815.995
1758.77
1437.705
300
3041.06
4018.26
3155.475
453.3
2148.755
3433.5
4133.745
3942.885
4102.935
3911.94
4398.245
4032.575
4083.49
4402.235
4083.025
4051.69
4045.86
3900.475
3523.345
4044.26
3635.575
3670.55
3974.135
3752.62
3931.22
3681.58
3654.84
3432.285
2616.18
1846.8
2630.355
4060.39
4270.415
4103.36
3039.045
3094.81
2892.685
2510.285
1391.905
2139.015
1627.28
744.75
1459.125
3541.655
3374.66
1052.445
4191.275
3585.825
3310.74
3810.49
3531
3791.235
3779.26
3599.4
2921.455
2930.955
2971.9
3114.135
2852.025
2694.69
2472.505
1998.755
1426.015
1154.87
1062.545
1003.735
676.59
969.395
1377.58
1016.94
1074.355
1026.46
1087.645
699.84
1390.95
1180.55
888.245
1202.76
1262.425
1312.12
1367.6
1333.955
1415.745
1485.975
1507.83
1623.16
1741.605
1938.405
2197.655
2323.965
2737.965
2618.255
2878.02
2618.25
2924.8
2685.54
2653.32
3038.915
3012.66
3146.225
3207.97
2977.43
2536.43
2033.82
2849.65
3479.53
3456.48
2887.09
3305.43
1181.56